Case #1:
10000000000000011000000000000001 65537 43046722 4294967297 152587890626 2821109907457 33232930569602 281474976710657 1853020188851842 10000000000000001
11000000000000011100000000000001 65537 43046722 4294967297 152587890626 2821109907457 33232930569602 281474976710657 1853020188851842 10000000000000001
10100000000000011010000000000001 65537 43046722 4294967297 152587890626 2821109907457 33232930569602 281474976710657 1853020188851842 10000000000000001
11100000000000011110000000000001 65537 43046722 4294967297 152587890626 2821109907457 33232930569602 281474976710657 1853020188851842 10000000000000001
10010000000000011001000000000001 65537 43046722 4294967297 152587890626 2821109907457 33232930569602 281474976710657 1853020188851842 10000000000000001
11010000000000011101000000000001 65537 43046722 4294967297 152587890626 2821109907457 33232930569602 281474976710657 1853020188851842 10000000000000001
10110000000000011011000000000001 65537 43046722 4294967297 152587890626 2821109907457 33232930569602 281474976710657 1853020188851842 10000000000000001
11110000000000011111000000000001 65537 43046722 4294967297 152587890626 2821109907457 33232930569602 281474976710657 1853020188851842 10000000000000001
10001000000000011000100000000001 65537 43046722 4294967297 152587890626 2821109907457 33232930569602 281474976710657 1853020188851842 10000000000000001
11001000000000011100100000000001 65537 43046722 4294967297 152587890626 2821109907457 33232930569602 281474976710657 1853020188851842 10000000000000001
10101000000000011010100000000001 65537 43046722 4294967297 152587890626 2821109907457 33232930569602 281474976710657 1853020188851842 10000000000000001
11101000000000011110100000000001 65537 43046722 4294967297 152587890626 2821109907457 33232930569602 281474976710657 1853020188851842 10000000000000001
10011000000000011001100000000001 65537 43046722 4294967297 152587890626 2821109907457 33232930569602 281474976710657 1853020188851842 10000000000000001
11011000000000011101100000000001 65537 43046722 4294967297 152587890626 2821109907457 33232930569602 281474976710657 1853020188851842 10000000000000001
10111000000000011011100000000001 65537 43046722 4294967297 152587890626 2821109907457 33232930569602 281474976710657 1853020188851842 10000000000000001
11111000000000011111100000000001 65537 43046722 4294967297 152587890626 2821109907457 33232930569602 281474976710657 1853020188851842 10000000000000001
10000100000000011000010000000001 65537 43046722 4294967297 152587890626 2821109907457 33232930569602 281474976710657 1853020188851842 10000000000000001
11000100000000011100010000000001 65537 43046722 4294967297 152587890626 2821109907457 33232930569602 281474976710657 1853020188851842 10000000000000001
10100100000000011010010000000001 65537 43046722 4294967297 152587890626 2821109907457 33232930569602 281474976710657 1853020188851842 10000000000000001
11100100000000011110010000000001 65537 43046722 4294967297 152587890626 2821109907457 33232930569602 281474976710657 1853020188851842 10000000000000001
10010100000000011001010000000001 65537 43046722 4294967297 152587890626 2821109907457 33232930569602 281474976710657 1853020188851842 10000000000000001
11010100000000011101010000000001 65537 43046722 4294967297 152587890626 2821109907457 33232930569602 281474976710657 1853020188851842 10000000000000001
10110100000000011011010000000001 65537 43046722 4294967297 152587890626 2821109907457 33232930569602 281474976710657 1853020188851842 10000000000000001
11110100000000011111010000000001 65537 43046722 4294967297 152587890626 2821109907457 33232930569602 281474976710657 1853020188851842 10000000000000001
10001100000000011000110000000001 65537 43046722 4294967297 152587890626 2821109907457 33232930569602 281474976710657 1853020188851842 10000000000000001
11001100000000011100110000000001 65537 43046722 4294967297 152587890626 2821109907457 33232930569602 281474976710657 1853020188851842 10000000000000001
10101100000000011010110000000001 65537 43046722 4294967297 152587890626 2821109907457 33232930569602 281474976710657 1853020188851842 10000000000000001
11101100000000011110110000000001 65537 43046722 4294967297 152587890626 2821109907457 33232930569602 281474976710657 1853020188851842 10000000000000001
10011100000000011001110000000001 65537 43046722 4294967297 152587890626 2821109907457 33232930569602 281474976710657 1853020188851842 10000000000000001
11011100000000011101110000000001 65537 43046722 4294967297 152587890626 2821109907457 33232930569602 281474976710657 1853020188851842 10000000000000001
10111100000000011011110000000001 65537 43046722 4294967297 152587890626 2821109907457 33232930569602 281474976710657 1853020188851842 10000000000000001
11111100000000011111110000000001 65537 43046722 4294967297 152587890626 2821109907457 33232930569602 281474976710657 1853020188851842 10000000000000001
10000010000000011000001000000001 65537 43046722 4294967297 152587890626 2821109907457 33232930569602 281474976710657 1853020188851842 10000000000000001
11000010000000011100001000000001 65537 43046722 4294967297 152587890626 2821109907457 33232930569602 281474976710657 1853020188851842 10000000000000001
10100010000000011010001000000001 65537 43046722 4294967297 152587890626 2821109907457 33232930569602 281474976710657 1853020188851842 10000000000000001
11100010000000011110001000000001 65537 43046722 4294967297 152587890626 2821109907457 33232930569602 281474976710657 1853020188851842 10000000000000001
10010010000000011001001000000001 65537 43046722 4294967297 152587890626 2821109907457 33232930569602 281474976710657 1853020188851842 10000000000000001
11010010000000011101001000000001 65537 43046722 4294967297 152587890626 2821109907457 33232930569602 281474976710657 1853020188851842 10000000000000001
10110010000000011011001000000001 65537 43046722 4294967297 152587890626 2821109907457 33232930569602 281474976710657 1853020188851842 10000000000000001
11110010000000011111001000000001 65537 43046722 4294967297 152587890626 2821109907457 33232930569602 281474976710657 1853020188851842 10000000000000001
10001010000000011000101000000001 65537 43046722 4294967297 152587890626 2821109907457 33232930569602 281474976710657 1853020188851842 10000000000000001
11001010000000011100101000000001 65537 43046722 4294967297 152587890626 2821109907457 33232930569602 281474976710657 1853020188851842 10000000000000001
10101010000000011010101000000001 65537 43046722 4294967297 152587890626 2821109907457 33232930569602 281474976710657 1853020188851842 10000000000000001
11101010000000011110101000000001 65537 43046722 4294967297 152587890626 2821109907457 33232930569602 281474976710657 1853020188851842 10000000000000001
10011010000000011001101000000001 65537 43046722 4294967297 152587890626 2821109907457 33232930569602 281474976710657 1853020188851842 10000000000000001
11011010000000011101101000000001 65537 43046722 4294967297 152587890626 2821109907457 33232930569602 281474976710657 1853020188851842 10000000000000001
10111010000000011011101000000001 65537 43046722 4294967297 152587890626 2821109907457 33232930569602 281474976710657 1853020188851842 10000000000000001
11111010000000011111101000000001 65537 43046722 4294967297 152587890626 2821109907457 33232930569602 281474976710657 1853020188851842 10000000000000001
10000110000000011000011000000001 65537 43046722 4294967297 152587890626 2821109907457 33232930569602 281474976710657 1853020188851842 10000000000000001
11000110000000011100011000000001 65537 43046722 4294967297 152587890626 2821109907457 33232930569602 281474976710657 1853020188851842 10000000000000001
10100110000000011010011000000001 65537 43046722 4294967297 152587890626 2821109907457 33232930569602 281474976710657 1853020188851842 10000000000000001
11100110000000011110011000000001 65537 43046722 4294967297 152587890626 2821109907457 33232930569602 281474976710657 1853020188851842 10000000000000001
10010110000000011001011000000001 65537 43046722 4294967297 152587890626 2821109907457 33232930569602 281474976710657 1853020188851842 10000000000000001
11010110000000011101011000000001 65537 43046722 4294967297 152587890626 2821109907457 33232930569602 281474976710657 1853020188851842 10000000000000001
10110110000000011011011000000001 65537 43046722 4294967297 152587890626 2821109907457 33232930569602 281474976710657 1853020188851842 10000000000000001
11110110000000011111011000000001 65537 43046722 4294967297 152587890626 2821109907457 33232930569602 281474976710657 1853020188851842 10000000000000001
10001110000000011000111000000001 65537 43046722 4294967297 152587890626 2821109907457 33232930569602 281474976710657 1853020188851842 10000000000000001
11001110000000011100111000000001 65537 43046722 4294967297 152587890626 2821109907457 33232930569602 281474976710657 1853020188851842 10000000000000001
10101110000000011010111000000001 65537 43046722 4294967297 152587890626 2821109907457 33232930569602 281474976710657 1853020188851842 10000000000000001
11101110000000011110111000000001 65537 43046722 4294967297 152587890626 2821109907457 33232930569602 281474976710657 1853020188851842 10000000000000001
10011110000000011001111000000001 65537 43046722 4294967297 152587890626 2821109907457 33232930569602 281474976710657 1853020188851842 10000000000000001
11011110000000011101111000000001 65537 43046722 4294967297 152587890626 2821109907457 33232930569602 281474976710657 1853020188851842 10000000000000001
10111110000000011011111000000001 65537 43046722 4294967297 152587890626 2821109907457 33232930569602 281474976710657 1853020188851842 10000000000000001
11111110000000011111111000000001 65537 43046722 4294967297 152587890626 2821109907457 33232930569602 281474976710657 1853020188851842 10000000000000001
10000001000000011000000100000001 65537 43046722 4294967297 152587890626 2821109907457 33232930569602 281474976710657 1853020188851842 10000000000000001
11000001000000011100000100000001 65537 43046722 4294967297 152587890626 2821109907457 33232930569602 281474976710657 1853020188851842 10000000000000001
10100001000000011010000100000001 65537 43046722 4294967297 152587890626 2821109907457 33232930569602 281474976710657 1853020188851842 10000000000000001
11100001000000011110000100000001 65537 43046722 4294967297 152587890626 2821109907457 33232930569602 281474976710657 1853020188851842 10000000000000001
10010001000000011001000100000001 65537 43046722 4294967297 152587890626 2821109907457 33232930569602 281474976710657 1853020188851842 10000000000000001
11010001000000011101000100000001 65537 43046722 4294967297 152587890626 2821109907457 33232930569602 281474976710657 1853020188851842 10000000000000001
10110001000000011011000100000001 65537 43046722 4294967297 152587890626 2821109907457 33232930569602 281474976710657 1853020188851842 10000000000000001
11110001000000011111000100000001 65537 43046722 4294967297 152587890626 2821109907457 33232930569602 281474976710657 1853020188851842 10000000000000001
10001001000000011000100100000001 65537 43046722 4294967297 152587890626 2821109907457 33232930569602 281474976710657 1853020188851842 10000000000000001
11001001000000011100100100000001 65537 43046722 4294967297 152587890626 2821109907457 33232930569602 281474976710657 1853020188851842 10000000000000001
10101001000000011010100100000001 65537 43046722 4294967297 152587890626 2821109907457 33232930569602 281474976710657 1853020188851842 10000000000000001
11101001000000011110100100000001 65537 43046722 4294967297 152587890626 2821109907457 33232930569602 281474976710657 1853020188851842 10000000000000001
10011001000000011001100100000001 65537 43046722 4294967297 152587890626 2821109907457 33232930569602 281474976710657 1853020188851842 10000000000000001
11011001000000011101100100000001 65537 43046722 4294967297 152587890626 2821109907457 33232930569602 281474976710657 1853020188851842 10000000000000001
10111001000000011011100100000001 65537 43046722 4294967297 152587890626 2821109907457 33232930569602 281474976710657 1853020188851842 10000000000000001
11111001000000011111100100000001 65537 43046722 4294967297 152587890626 2821109907457 33232930569602 281474976710657 1853020188851842 10000000000000001
10000101000000011000010100000001 65537 43046722 4294967297 152587890626 2821109907457 33232930569602 281474976710657 1853020188851842 10000000000000001
11000101000000011100010100000001 65537 43046722 4294967297 152587890626 2821109907457 33232930569602 281474976710657 1853020188851842 10000000000000001
10100101000000011010010100000001 65537 43046722 4294967297 152587890626 2821109907457 33232930569602 281474976710657 1853020188851842 10000000000000001
11100101000000011110010100000001 65537 43046722 4294967297 152587890626 2821109907457 33232930569602 281474976710657 1853020188851842 10000000000000001
10010101000000011001010100000001 65537 43046722 4294967297 152587890626 2821109907457 33232930569602 281474976710657 1853020188851842 10000000000000001
11010101000000011101010100000001 65537 43046722 4294967297 152587890626 2821109907457 33232930569602 281474976710657 1853020188851842 10000000000000001
10110101000000011011010100000001 65537 43046722 4294967297 152587890626 2821109907457 33232930569602 281474976710657 1853020188851842 10000000000000001
11110101000000011111010100000001 65537 43046722 4294967297 152587890626 2821109907457 33232930569602 281474976710657 1853020188851842 10000000000000001
10001101000000011000110100000001 65537 43046722 4294967297 152587890626 2821109907457 33232930569602 281474976710657 1853020188851842 10000000000000001
11001101000000011100110100000001 65537 43046722 4294967297 152587890626 2821109907457 33232930569602 281474976710657 1853020188851842 10000000000000001
10101101000000011010110100000001 65537 43046722 4294967297 152587890626 2821109907457 33232930569602 281474976710657 1853020188851842 10000000000000001
11101101000000011110110100000001 65537 43046722 4294967297 152587890626 2821109907457 33232930569602 281474976710657 1853020188851842 10000000000000001
10011101000000011001110100000001 65537 43046722 4294967297 152587890626 2821109907457 33232930569602 281474976710657 1853020188851842 10000000000000001
11011101000000011101110100000001 65537 43046722 4294967297 152587890626 2821109907457 33232930569602 281474976710657 1853020188851842 10000000000000001
10111101000000011011110100000001 65537 43046722 4294967297 152587890626 2821109907457 33232930569602 281474976710657 1853020188851842 10000000000000001
11111101000000011111110100000001 65537 43046722 4294967297 152587890626 2821109907457 33232930569602 281474976710657 1853020188851842 10000000000000001
10000011000000011000001100000001 65537 43046722 4294967297 152587890626 2821109907457 33232930569602 281474976710657 1853020188851842 10000000000000001
11000011000000011100001100000001 65537 43046722 4294967297 152587890626 2821109907457 33232930569602 281474976710657 1853020188851842 10000000000000001
10100011000000011010001100000001 65537 43046722 4294967297 152587890626 2821109907457 33232930569602 281474976710657 1853020188851842 10000000000000001
11100011000000011110001100000001 65537 43046722 4294967297 152587890626 2821109907457 33232930569602 281474976710657 1853020188851842 10000000000000001
10010011000000011001001100000001 65537 43046722 4294967297 152587890626 2821109907457 33232930569602 281474976710657 1853020188851842 10000000000000001
11010011000000011101001100000001 65537 43046722 4294967297 152587890626 2821109907457 33232930569602 281474976710657 1853020188851842 10000000000000001
10110011000000011011001100000001 65537 43046722 4294967297 152587890626 2821109907457 33232930569602 281474976710657 1853020188851842 10000000000000001
11110011000000011111001100000001 65537 43046722 4294967297 152587890626 2821109907457 33232930569602 281474976710657 1853020188851842 10000000000000001
10001011000000011000101100000001 65537 43046722 4294967297 152587890626 2821109907457 33232930569602 281474976710657 1853020188851842 10000000000000001
11001011000000011100101100000001 65537 43046722 4294967297 152587890626 2821109907457 33232930569602 281474976710657 1853020188851842 10000000000000001
10101011000000011010101100000001 65537 43046722 4294967297 152587890626 2821109907457 33232930569602 281474976710657 1853020188851842 10000000000000001
11101011000000011110101100000001 65537 43046722 4294967297 152587890626 2821109907457 33232930569602 281474976710657 1853020188851842 10000000000000001
10011011000000011001101100000001 65537 43046722 4294967297 152587890626 2821109907457 33232930569602 281474976710657 1853020188851842 10000000000000001
11011011000000011101101100000001 65537 43046722 4294967297 152587890626 2821109907457 33232930569602 281474976710657 1853020188851842 10000000000000001
10111011000000011011101100000001 65537 43046722 4294967297 152587890626 2821109907457 33232930569602 281474976710657 1853020188851842 10000000000000001
11111011000000011111101100000001 65537 43046722 4294967297 152587890626 2821109907457 33232930569602 281474976710657 1853020188851842 10000000000000001
10000111000000011000011100000001 65537 43046722 4294967297 152587890626 2821109907457 33232930569602 281474976710657 1853020188851842 10000000000000001
11000111000000011100011100000001 65537 43046722 4294967297 152587890626 2821109907457 33232930569602 281474976710657 1853020188851842 10000000000000001
10100111000000011010011100000001 65537 43046722 4294967297 152587890626 2821109907457 33232930569602 281474976710657 1853020188851842 10000000000000001
11100111000000011110011100000001 65537 43046722 4294967297 152587890626 2821109907457 33232930569602 281474976710657 1853020188851842 10000000000000001
10010111000000011001011100000001 65537 43046722 4294967297 152587890626 2821109907457 33232930569602 281474976710657 1853020188851842 10000000000000001
11010111000000011101011100000001 65537 43046722 4294967297 152587890626 2821109907457 33232930569602 281474976710657 1853020188851842 10000000000000001
10110111000000011011011100000001 65537 43046722 4294967297 152587890626 2821109907457 33232930569602 281474976710657 1853020188851842 10000000000000001
11110111000000011111011100000001 65537 43046722 4294967297 152587890626 2821109907457 33232930569602 281474976710657 1853020188851842 10000000000000001
10001111000000011000111100000001 65537 43046722 4294967297 152587890626 2821109907457 33232930569602 281474976710657 1853020188851842 10000000000000001
11001111000000011100111100000001 65537 43046722 4294967297 152587890626 2821109907457 33232930569602 281474976710657 1853020188851842 10000000000000001
10101111000000011010111100000001 65537 43046722 4294967297 152587890626 2821109907457 33232930569602 281474976710657 1853020188851842 10000000000000001
11101111000000011110111100000001 65537 43046722 4294967297 152587890626 2821109907457 33232930569602 281474976710657 1853020188851842 10000000000000001
10011111000000011001111100000001 65537 43046722 4294967297 152587890626 2821109907457 33232930569602 281474976710657 1853020188851842 10000000000000001
11011111000000011101111100000001 65537 43046722 4294967297 152587890626 2821109907457 33232930569602 281474976710657 1853020188851842 10000000000000001
10111111000000011011111100000001 65537 43046722 4294967297 152587890626 2821109907457 33232930569602 281474976710657 1853020188851842 10000000000000001
11111111000000011111111100000001 65537 43046722 4294967297 152587890626 2821109907457 33232930569602 281474976710657 1853020188851842 10000000000000001
10000000100000011000000010000001 65537 43046722 4294967297 152587890626 2821109907457 33232930569602 281474976710657 1853020188851842 10000000000000001
11000000100000011100000010000001 65537 43046722 4294967297 152587890626 2821109907457 33232930569602 281474976710657 1853020188851842 10000000000000001
10100000100000011010000010000001 65537 43046722 4294967297 152587890626 2821109907457 33232930569602 281474976710657 1853020188851842 10000000000000001
11100000100000011110000010000001 65537 43046722 4294967297 152587890626 2821109907457 33232930569602 281474976710657 1853020188851842 10000000000000001
10010000100000011001000010000001 65537 43046722 4294967297 152587890626 2821109907457 33232930569602 281474976710657 1853020188851842 10000000000000001
11010000100000011101000010000001 65537 43046722 4294967297 152587890626 2821109907457 33232930569602 281474976710657 1853020188851842 10000000000000001
10110000100000011011000010000001 65537 43046722 4294967297 152587890626 2821109907457 33232930569602 281474976710657 1853020188851842 10000000000000001
11110000100000011111000010000001 65537 43046722 4294967297 152587890626 2821109907457 33232930569602 281474976710657 1853020188851842 10000000000000001
10001000100000011000100010000001 65537 43046722 4294967297 152587890626 2821109907457 33232930569602 281474976710657 1853020188851842 10000000000000001
11001000100000011100100010000001 65537 43046722 4294967297 152587890626 2821109907457 33232930569602 281474976710657 1853020188851842 10000000000000001
10101000100000011010100010000001 65537 43046722 4294967297 152587890626 2821109907457 33232930569602 281474976710657 1853020188851842 10000000000000001
11101000100000011110100010000001 65537 43046722 4294967297 152587890626 2821109907457 33232930569602 281474976710657 1853020188851842 10000000000000001
10011000100000011001100010000001 65537 43046722 4294967297 152587890626 2821109907457 33232930569602 281474976710657 1853020188851842 10000000000000001
11011000100000011101100010000001 65537 43046722 4294967297 152587890626 2821109907457 33232930569602 281474976710657 1853020188851842 10000000000000001
10111000100000011011100010000001 65537 43046722 4294967297 152587890626 2821109907457 33232930569602 281474976710657 1853020188851842 10000000000000001
11111000100000011111100010000001 65537 43046722 4294967297 152587890626 2821109907457 33232930569602 281474976710657 1853020188851842 10000000000000001
10000100100000011000010010000001 65537 43046722 4294967297 152587890626 2821109907457 33232930569602 281474976710657 1853020188851842 10000000000000001
11000100100000011100010010000001 65537 43046722 4294967297 152587890626 2821109907457 33232930569602 281474976710657 1853020188851842 10000000000000001
10100100100000011010010010000001 65537 43046722 4294967297 152587890626 2821109907457 33232930569602 281474976710657 1853020188851842 10000000000000001
11100100100000011110010010000001 65537 43046722 4294967297 152587890626 2821109907457 33232930569602 281474976710657 1853020188851842 10000000000000001
10010100100000011001010010000001 65537 43046722 4294967297 152587890626 2821109907457 33232930569602 281474976710657 1853020188851842 10000000000000001
11010100100000011101010010000001 65537 43046722 4294967297 152587890626 2821109907457 33232930569602 281474976710657 1853020188851842 10000000000000001
10110100100000011011010010000001 65537 43046722 4294967297 152587890626 2821109907457 33232930569602 281474976710657 1853020188851842 10000000000000001
11110100100000011111010010000001 65537 43046722 4294967297 152587890626 2821109907457 33232930569602 281474976710657 1853020188851842 10000000000000001
10001100100000011000110010000001 65537 43046722 4294967297 152587890626 2821109907457 33232930569602 281474976710657 1853020188851842 10000000000000001
11001100100000011100110010000001 65537 43046722 4294967297 152587890626 2821109907457 33232930569602 281474976710657 1853020188851842 10000000000000001
10101100100000011010110010000001 65537 43046722 4294967297 152587890626 2821109907457 33232930569602 281474976710657 1853020188851842 10000000000000001
11101100100000011110110010000001 65537 43046722 4294967297 152587890626 2821109907457 33232930569602 281474976710657 1853020188851842 10000000000000001
10011100100000011001110010000001 65537 43046722 4294967297 152587890626 2821109907457 33232930569602 281474976710657 1853020188851842 10000000000000001
11011100100000011101110010000001 65537 43046722 4294967297 152587890626 2821109907457 33232930569602 281474976710657 1853020188851842 10000000000000001
10111100100000011011110010000001 65537 43046722 4294967297 152587890626 2821109907457 33232930569602 281474976710657 1853020188851842 10000000000000001
11111100100000011111110010000001 65537 43046722 4294967297 152587890626 2821109907457 33232930569602 281474976710657 1853020188851842 10000000000000001
10000010100000011000001010000001 65537 43046722 4294967297 152587890626 2821109907457 33232930569602 281474976710657 1853020188851842 10000000000000001
11000010100000011100001010000001 65537 43046722 4294967297 152587890626 2821109907457 33232930569602 281474976710657 1853020188851842 10000000000000001
10100010100000011010001010000001 65537 43046722 4294967297 152587890626 2821109907457 33232930569602 281474976710657 1853020188851842 10000000000000001
11100010100000011110001010000001 65537 43046722 4294967297 152587890626 2821109907457 33232930569602 281474976710657 1853020188851842 10000000000000001
10010010100000011001001010000001 65537 43046722 4294967297 152587890626 2821109907457 33232930569602 281474976710657 1853020188851842 10000000000000001
11010010100000011101001010000001 65537 43046722 4294967297 152587890626 2821109907457 33232930569602 281474976710657 1853020188851842 10000000000000001
10110010100000011011001010000001 65537 43046722 4294967297 152587890626 2821109907457 33232930569602 281474976710657 1853020188851842 10000000000000001
11110010100000011111001010000001 65537 43046722 4294967297 152587890626 2821109907457 33232930569602 281474976710657 1853020188851842 10000000000000001
10001010100000011000101010000001 65537 43046722 4294967297 152587890626 2821109907457 33232930569602 281474976710657 1853020188851842 10000000000000001
11001010100000011100101010000001 65537 43046722 4294967297 152587890626 2821109907457 33232930569602 281474976710657 1853020188851842 10000000000000001
10101010100000011010101010000001 65537 43046722 4294967297 152587890626 2821109907457 33232930569602 281474976710657 1853020188851842 10000000000000001
11101010100000011110101010000001 65537 43046722 4294967297 152587890626 2821109907457 33232930569602 281474976710657 1853020188851842 10000000000000001
10011010100000011001101010000001 65537 43046722 4294967297 152587890626 2821109907457 33232930569602 281474976710657 1853020188851842 10000000000000001
11011010100000011101101010000001 65537 43046722 4294967297 152587890626 2821109907457 33232930569602 281474976710657 1853020188851842 10000000000000001
10111010100000011011101010000001 65537 43046722 4294967297 152587890626 2821109907457 33232930569602 281474976710657 1853020188851842 10000000000000001
11111010100000011111101010000001 65537 43046722 4294967297 152587890626 2821109907457 33232930569602 281474976710657 1853020188851842 10000000000000001
10000110100000011000011010000001 65537 43046722 4294967297 152587890626 2821109907457 33232930569602 281474976710657 1853020188851842 10000000000000001
11000110100000011100011010000001 65537 43046722 4294967297 152587890626 2821109907457 33232930569602 281474976710657 1853020188851842 10000000000000001
10100110100000011010011010000001 65537 43046722 4294967297 152587890626 2821109907457 33232930569602 281474976710657 1853020188851842 10000000000000001
11100110100000011110011010000001 65537 43046722 4294967297 152587890626 2821109907457 33232930569602 281474976710657 1853020188851842 10000000000000001
10010110100000011001011010000001 65537 43046722 4294967297 152587890626 2821109907457 33232930569602 281474976710657 1853020188851842 10000000000000001
11010110100000011101011010000001 65537 43046722 4294967297 152587890626 2821109907457 33232930569602 281474976710657 1853020188851842 10000000000000001
10110110100000011011011010000001 65537 43046722 4294967297 152587890626 2821109907457 33232930569602 281474976710657 1853020188851842 10000000000000001
11110110100000011111011010000001 65537 43046722 4294967297 152587890626 2821109907457 33232930569602 281474976710657 1853020188851842 10000000000000001
10001110100000011000111010000001 65537 43046722 4294967297 152587890626 2821109907457 33232930569602 281474976710657 1853020188851842 10000000000000001
11001110100000011100111010000001 65537 43046722 4294967297 152587890626 2821109907457 33232930569602 281474976710657 1853020188851842 10000000000000001
10101110100000011010111010000001 65537 43046722 4294967297 152587890626 2821109907457 33232930569602 281474976710657 1853020188851842 10000000000000001
11101110100000011110111010000001 65537 43046722 4294967297 152587890626 2821109907457 33232930569602 281474976710657 1853020188851842 10000000000000001
10011110100000011001111010000001 65537 43046722 4294967297 152587890626 2821109907457 33232930569602 281474976710657 1853020188851842 10000000000000001
11011110100000011101111010000001 65537 43046722 4294967297 152587890626 2821109907457 33232930569602 281474976710657 1853020188851842 10000000000000001
10111110100000011011111010000001 65537 43046722 4294967297 152587890626 2821109907457 33232930569602 281474976710657 1853020188851842 10000000000000001
11111110100000011111111010000001 65537 43046722 4294967297 152587890626 2821109907457 33232930569602 281474976710657 1853020188851842 10000000000000001
10000001100000011000000110000001 65537 43046722 4294967297 152587890626 2821109907457 33232930569602 281474976710657 1853020188851842 10000000000000001
11000001100000011100000110000001 65537 43046722 4294967297 152587890626 2821109907457 33232930569602 281474976710657 1853020188851842 10000000000000001
10100001100000011010000110000001 65537 43046722 4294967297 152587890626 2821109907457 33232930569602 281474976710657 1853020188851842 10000000000000001
11100001100000011110000110000001 65537 43046722 4294967297 152587890626 2821109907457 33232930569602 281474976710657 1853020188851842 10000000000000001
10010001100000011001000110000001 65537 43046722 4294967297 152587890626 2821109907457 33232930569602 281474976710657 1853020188851842 10000000000000001
11010001100000011101000110000001 65537 43046722 4294967297 152587890626 2821109907457 33232930569602 281474976710657 1853020188851842 10000000000000001
10110001100000011011000110000001 65537 43046722 4294967297 152587890626 2821109907457 33232930569602 281474976710657 1853020188851842 10000000000000001
11110001100000011111000110000001 65537 43046722 4294967297 152587890626 2821109907457 33232930569602 281474976710657 1853020188851842 10000000000000001
10001001100000011000100110000001 65537 43046722 4294967297 152587890626 2821109907457 33232930569602 281474976710657 1853020188851842 10000000000000001
11001001100000011100100110000001 65537 43046722 4294967297 152587890626 2821109907457 33232930569602 281474976710657 1853020188851842 10000000000000001
10101001100000011010100110000001 65537 43046722 4294967297 152587890626 2821109907457 33232930569602 281474976710657 1853020188851842 10000000000000001
11101001100000011110100110000001 65537 43046722 4294967297 152587890626 2821109907457 33232930569602 281474976710657 1853020188851842 10000000000000001
10011001100000011001100110000001 65537 43046722 4294967297 152587890626 2821109907457 33232930569602 281474976710657 1853020188851842 10000000000000001
11011001100000011101100110000001 65537 43046722 4294967297 152587890626 2821109907457 33232930569602 281474976710657 1853020188851842 10000000000000001
10111001100000011011100110000001 65537 43046722 4294967297 152587890626 2821109907457 33232930569602 281474976710657 1853020188851842 10000000000000001
11111001100000011111100110000001 65537 43046722 4294967297 152587890626 2821109907457 33232930569602 281474976710657 1853020188851842 10000000000000001
10000101100000011000010110000001 65537 43046722 4294967297 152587890626 2821109907457 33232930569602 281474976710657 1853020188851842 10000000000000001
11000101100000011100010110000001 65537 43046722 4294967297 152587890626 2821109907457 33232930569602 281474976710657 1853020188851842 10000000000000001
10100101100000011010010110000001 65537 43046722 4294967297 152587890626 2821109907457 33232930569602 281474976710657 1853020188851842 10000000000000001
11100101100000011110010110000001 65537 43046722 4294967297 152587890626 2821109907457 33232930569602 281474976710657 1853020188851842 10000000000000001
10010101100000011001010110000001 65537 43046722 4294967297 152587890626 2821109907457 33232930569602 281474976710657 1853020188851842 10000000000000001
11010101100000011101010110000001 65537 43046722 4294967297 152587890626 2821109907457 33232930569602 281474976710657 1853020188851842 10000000000000001
10110101100000011011010110000001 65537 43046722 4294967297 152587890626 2821109907457 33232930569602 281474976710657 1853020188851842 10000000000000001
11110101100000011111010110000001 65537 43046722 4294967297 152587890626 2821109907457 33232930569602 281474976710657 1853020188851842 10000000000000001
10001101100000011000110110000001 65537 43046722 4294967297 152587890626 2821109907457 33232930569602 281474976710657 1853020188851842 10000000000000001
11001101100000011100110110000001 65537 43046722 4294967297 152587890626 2821109907457 33232930569602 281474976710657 1853020188851842 10000000000000001
10101101100000011010110110000001 65537 43046722 4294967297 152587890626 2821109907457 33232930569602 281474976710657 1853020188851842 10000000000000001
11101101100000011110110110000001 65537 43046722 4294967297 152587890626 2821109907457 33232930569602 281474976710657 1853020188851842 10000000000000001
10011101100000011001110110000001 65537 43046722 4294967297 152587890626 2821109907457 33232930569602 281474976710657 1853020188851842 10000000000000001
11011101100000011101110110000001 65537 43046722 4294967297 152587890626 2821109907457 33232930569602 281474976710657 1853020188851842 10000000000000001
10111101100000011011110110000001 65537 43046722 4294967297 152587890626 2821109907457 33232930569602 281474976710657 1853020188851842 10000000000000001
11111101100000011111110110000001 65537 43046722 4294967297 152587890626 2821109907457 33232930569602 281474976710657 1853020188851842 10000000000000001
10000011100000011000001110000001 65537 43046722 4294967297 152587890626 2821109907457 33232930569602 281474976710657 1853020188851842 10000000000000001
11000011100000011100001110000001 65537 43046722 4294967297 152587890626 2821109907457 33232930569602 281474976710657 1853020188851842 10000000000000001
10100011100000011010001110000001 65537 43046722 4294967297 152587890626 2821109907457 33232930569602 281474976710657 1853020188851842 10000000000000001
11100011100000011110001110000001 65537 43046722 4294967297 152587890626 2821109907457 33232930569602 281474976710657 1853020188851842 10000000000000001
10010011100000011001001110000001 65537 43046722 4294967297 152587890626 2821109907457 33232930569602 281474976710657 1853020188851842 10000000000000001
11010011100000011101001110000001 65537 43046722 4294967297 152587890626 2821109907457 33232930569602 281474976710657 1853020188851842 10000000000000001
10110011100000011011001110000001 65537 43046722 4294967297 152587890626 2821109907457 33232930569602 281474976710657 1853020188851842 10000000000000001
11110011100000011111001110000001 65537 43046722 4294967297 152587890626 2821109907457 33232930569602 281474976710657 1853020188851842 10000000000000001
10001011100000011000101110000001 65537 43046722 4294967297 152587890626 2821109907457 33232930569602 281474976710657 1853020188851842 10000000000000001
11001011100000011100101110000001 65537 43046722 4294967297 152587890626 2821109907457 33232930569602 281474976710657 1853020188851842 10000000000000001
10101011100000011010101110000001 65537 43046722 4294967297 152587890626 2821109907457 33232930569602 281474976710657 1853020188851842 10000000000000001
11101011100000011110101110000001 65537 43046722 4294967297 152587890626 2821109907457 33232930569602 281474976710657 1853020188851842 10000000000000001
10011011100000011001101110000001 65537 43046722 4294967297 152587890626 2821109907457 33232930569602 281474976710657 1853020188851842 10000000000000001
11011011100000011101101110000001 65537 43046722 4294967297 152587890626 2821109907457 33232930569602 281474976710657 1853020188851842 10000000000000001
10111011100000011011101110000001 65537 43046722 4294967297 152587890626 2821109907457 33232930569602 281474976710657 1853020188851842 10000000000000001
11111011100000011111101110000001 65537 43046722 4294967297 152587890626 2821109907457 33232930569602 281474976710657 1853020188851842 10000000000000001
10000111100000011000011110000001 65537 43046722 4294967297 152587890626 2821109907457 33232930569602 281474976710657 1853020188851842 10000000000000001
11000111100000011100011110000001 65537 43046722 4294967297 152587890626 2821109907457 33232930569602 281474976710657 1853020188851842 10000000000000001
10100111100000011010011110000001 65537 43046722 4294967297 152587890626 2821109907457 33232930569602 281474976710657 1853020188851842 10000000000000001
11100111100000011110011110000001 65537 43046722 4294967297 152587890626 2821109907457 33232930569602 281474976710657 1853020188851842 10000000000000001
10010111100000011001011110000001 65537 43046722 4294967297 152587890626 2821109907457 33232930569602 281474976710657 1853020188851842 10000000000000001
11010111100000011101011110000001 65537 43046722 4294967297 152587890626 2821109907457 33232930569602 281474976710657 1853020188851842 10000000000000001
10110111100000011011011110000001 65537 43046722 4294967297 152587890626 2821109907457 33232930569602 281474976710657 1853020188851842 10000000000000001
11110111100000011111011110000001 65537 43046722 4294967297 152587890626 2821109907457 33232930569602 281474976710657 1853020188851842 10000000000000001
10001111100000011000111110000001 65537 43046722 4294967297 152587890626 2821109907457 33232930569602 281474976710657 1853020188851842 10000000000000001
11001111100000011100111110000001 65537 43046722 4294967297 152587890626 2821109907457 33232930569602 281474976710657 1853020188851842 10000000000000001
10101111100000011010111110000001 65537 43046722 4294967297 152587890626 2821109907457 33232930569602 281474976710657 1853020188851842 10000000000000001
11101111100000011110111110000001 65537 43046722 4294967297 152587890626 2821109907457 33232930569602 281474976710657 1853020188851842 10000000000000001
10011111100000011001111110000001 65537 43046722 4294967297 152587890626 2821109907457 33232930569602 281474976710657 1853020188851842 10000000000000001
11011111100000011101111110000001 65537 43046722 4294967297 152587890626 2821109907457 33232930569602 281474976710657 1853020188851842 10000000000000001
10111111100000011011111110000001 65537 43046722 4294967297 152587890626 2821109907457 33232930569602 281474976710657 1853020188851842 10000000000000001
11111111100000011111111110000001 65537 43046722 4294967297 152587890626 2821109907457 33232930569602 281474976710657 1853020188851842 10000000000000001
10000000010000011000000001000001 65537 43046722 4294967297 152587890626 2821109907457 33232930569602 281474976710657 1853020188851842 10000000000000001
11000000010000011100000001000001 65537 43046722 4294967297 152587890626 2821109907457 33232930569602 281474976710657 1853020188851842 10000000000000001
10100000010000011010000001000001 65537 43046722 4294967297 152587890626 2821109907457 33232930569602 281474976710657 1853020188851842 10000000000000001
11100000010000011110000001000001 65537 43046722 4294967297 152587890626 2821109907457 33232930569602 281474976710657 1853020188851842 10000000000000001
10010000010000011001000001000001 65537 43046722 4294967297 152587890626 2821109907457 33232930569602 281474976710657 1853020188851842 10000000000000001
11010000010000011101000001000001 65537 43046722 4294967297 152587890626 2821109907457 33232930569602 281474976710657 1853020188851842 10000000000000001
10110000010000011011000001000001 65537 43046722 4294967297 152587890626 2821109907457 33232930569602 281474976710657 1853020188851842 10000000000000001
11110000010000011111000001000001 65537 43046722 4294967297 152587890626 2821109907457 33232930569602 281474976710657 1853020188851842 10000000000000001
10001000010000011000100001000001 65537 43046722 4294967297 152587890626 2821109907457 33232930569602 281474976710657 1853020188851842 10000000000000001
11001000010000011100100001000001 65537 43046722 4294967297 152587890626 2821109907457 33232930569602 281474976710657 1853020188851842 10000000000000001
10101000010000011010100001000001 65537 43046722 4294967297 152587890626 2821109907457 33232930569602 281474976710657 1853020188851842 10000000000000001
11101000010000011110100001000001 65537 43046722 4294967297 152587890626 2821109907457 33232930569602 281474976710657 1853020188851842 10000000000000001
10011000010000011001100001000001 65537 43046722 4294967297 152587890626 2821109907457 33232930569602 281474976710657 1853020188851842 10000000000000001
11011000010000011101100001000001 65537 43046722 4294967297 152587890626 2821109907457 33232930569602 281474976710657 1853020188851842 10000000000000001
10111000010000011011100001000001 65537 43046722 4294967297 152587890626 2821109907457 33232930569602 281474976710657 1853020188851842 10000000000000001
11111000010000011111100001000001 65537 43046722 4294967297 152587890626 2821109907457 33232930569602 281474976710657 1853020188851842 10000000000000001
10000100010000011000010001000001 65537 43046722 4294967297 152587890626 2821109907457 33232930569602 281474976710657 1853020188851842 10000000000000001
11000100010000011100010001000001 65537 43046722 4294967297 152587890626 2821109907457 33232930569602 281474976710657 1853020188851842 10000000000000001
10100100010000011010010001000001 65537 43046722 4294967297 152587890626 2821109907457 33232930569602 281474976710657 1853020188851842 10000000000000001
11100100010000011110010001000001 65537 43046722 4294967297 152587890626 2821109907457 33232930569602 281474976710657 1853020188851842 10000000000000001
10010100010000011001010001000001 65537 43046722 4294967297 152587890626 2821109907457 33232930569602 281474976710657 1853020188851842 10000000000000001
11010100010000011101010001000001 65537 43046722 4294967297 152587890626 2821109907457 33232930569602 281474976710657 1853020188851842 10000000000000001
10110100010000011011010001000001 65537 43046722 4294967297 152587890626 2821109907457 33232930569602 281474976710657 1853020188851842 10000000000000001
11110100010000011111010001000001 65537 43046722 4294967297 152587890626 2821109907457 33232930569602 281474976710657 1853020188851842 10000000000000001
10001100010000011000110001000001 65537 43046722 4294967297 152587890626 2821109907457 33232930569602 281474976710657 1853020188851842 10000000000000001
11001100010000011100110001000001 65537 43046722 4294967297 152587890626 2821109907457 33232930569602 281474976710657 1853020188851842 10000000000000001
10101100010000011010110001000001 65537 43046722 4294967297 152587890626 2821109907457 33232930569602 281474976710657 1853020188851842 10000000000000001
11101100010000011110110001000001 65537 43046722 4294967297 152587890626 2821109907457 33232930569602 281474976710657 1853020188851842 10000000000000001
10011100010000011001110001000001 65537 43046722 4294967297 152587890626 2821109907457 33232930569602 281474976710657 1853020188851842 10000000000000001
11011100010000011101110001000001 65537 43046722 4294967297 152587890626 2821109907457 33232930569602 281474976710657 1853020188851842 10000000000000001
10111100010000011011110001000001 65537 43046722 4294967297 152587890626 2821109907457 33232930569602 281474976710657 1853020188851842 10000000000000001
11111100010000011111110001000001 65537 43046722 4294967297 152587890626 2821109907457 33232930569602 281474976710657 1853020188851842 10000000000000001
10000010010000011000001001000001 65537 43046722 4294967297 152587890626 2821109907457 33232930569602 281474976710657 1853020188851842 10000000000000001
11000010010000011100001001000001 65537 43046722 4294967297 152587890626 2821109907457 33232930569602 281474976710657 1853020188851842 10000000000000001
10100010010000011010001001000001 65537 43046722 4294967297 152587890626 2821109907457 33232930569602 281474976710657 1853020188851842 10000000000000001
11100010010000011110001001000001 65537 43046722 4294967297 152587890626 2821109907457 33232930569602 281474976710657 1853020188851842 10000000000000001
10010010010000011001001001000001 65537 43046722 4294967297 152587890626 2821109907457 33232930569602 281474976710657 1853020188851842 10000000000000001
11010010010000011101001001000001 65537 43046722 4294967297 152587890626 2821109907457 33232930569602 281474976710657 1853020188851842 10000000000000001
10110010010000011011001001000001 65537 43046722 4294967297 152587890626 2821109907457 33232930569602 281474976710657 1853020188851842 10000000000000001
11110010010000011111001001000001 65537 43046722 4294967297 152587890626 2821109907457 33232930569602 281474976710657 1853020188851842 10000000000000001
10001010010000011000101001000001 65537 43046722 4294967297 152587890626 2821109907457 33232930569602 281474976710657 1853020188851842 10000000000000001
11001010010000011100101001000001 65537 43046722 4294967297 152587890626 2821109907457 33232930569602 281474976710657 1853020188851842 10000000000000001
10101010010000011010101001000001 65537 43046722 4294967297 152587890626 2821109907457 33232930569602 281474976710657 1853020188851842 10000000000000001
11101010010000011110101001000001 65537 43046722 4294967297 152587890626 2821109907457 33232930569602 281474976710657 1853020188851842 10000000000000001
10011010010000011001101001000001 65537 43046722 4294967297 152587890626 2821109907457 33232930569602 281474976710657 1853020188851842 10000000000000001
11011010010000011101101001000001 65537 43046722 4294967297 152587890626 2821109907457 33232930569602 281474976710657 1853020188851842 10000000000000001
10111010010000011011101001000001 65537 43046722 4294967297 152587890626 2821109907457 33232930569602 281474976710657 1853020188851842 10000000000000001
11111010010000011111101001000001 65537 43046722 4294967297 152587890626 2821109907457 33232930569602 281474976710657 1853020188851842 10000000000000001
10000110010000011000011001000001 65537 43046722 4294967297 152587890626 2821109907457 33232930569602 281474976710657 1853020188851842 10000000000000001
11000110010000011100011001000001 65537 43046722 4294967297 152587890626 2821109907457 33232930569602 281474976710657 1853020188851842 10000000000000001
10100110010000011010011001000001 65537 43046722 4294967297 152587890626 2821109907457 33232930569602 281474976710657 1853020188851842 10000000000000001
11100110010000011110011001000001 65537 43046722 4294967297 152587890626 2821109907457 33232930569602 281474976710657 1853020188851842 10000000000000001
10010110010000011001011001000001 65537 43046722 4294967297 152587890626 2821109907457 33232930569602 281474976710657 1853020188851842 10000000000000001
11010110010000011101011001000001 65537 43046722 4294967297 152587890626 2821109907457 33232930569602 281474976710657 1853020188851842 10000000000000001
10110110010000011011011001000001 65537 43046722 4294967297 152587890626 2821109907457 33232930569602 281474976710657 1853020188851842 10000000000000001
11110110010000011111011001000001 65537 43046722 4294967297 152587890626 2821109907457 33232930569602 281474976710657 1853020188851842 10000000000000001
10001110010000011000111001000001 65537 43046722 4294967297 152587890626 2821109907457 33232930569602 281474976710657 1853020188851842 10000000000000001
11001110010000011100111001000001 65537 43046722 4294967297 152587890626 2821109907457 33232930569602 281474976710657 1853020188851842 10000000000000001
10101110010000011010111001000001 65537 43046722 4294967297 152587890626 2821109907457 33232930569602 281474976710657 1853020188851842 10000000000000001
11101110010000011110111001000001 65537 43046722 4294967297 152587890626 2821109907457 33232930569602 281474976710657 1853020188851842 10000000000000001
10011110010000011001111001000001 65537 43046722 4294967297 152587890626 2821109907457 33232930569602 281474976710657 1853020188851842 10000000000000001
11011110010000011101111001000001 65537 43046722 4294967297 152587890626 2821109907457 33232930569602 281474976710657 1853020188851842 10000000000000001
10111110010000011011111001000001 65537 43046722 4294967297 152587890626 2821109907457 33232930569602 281474976710657 1853020188851842 10000000000000001
11111110010000011111111001000001 65537 43046722 4294967297 152587890626 2821109907457 33232930569602 281474976710657 1853020188851842 10000000000000001
10000001010000011000000101000001 65537 43046722 4294967297 152587890626 2821109907457 33232930569602 281474976710657 1853020188851842 10000000000000001
11000001010000011100000101000001 65537 43046722 4294967297 152587890626 2821109907457 33232930569602 281474976710657 1853020188851842 10000000000000001
10100001010000011010000101000001 65537 43046722 4294967297 152587890626 2821109907457 33232930569602 281474976710657 1853020188851842 10000000000000001
11100001010000011110000101000001 65537 43046722 4294967297 152587890626 2821109907457 33232930569602 281474976710657 1853020188851842 10000000000000001
10010001010000011001000101000001 65537 43046722 4294967297 152587890626 2821109907457 33232930569602 281474976710657 1853020188851842 10000000000000001
11010001010000011101000101000001 65537 43046722 4294967297 152587890626 2821109907457 33232930569602 281474976710657 1853020188851842 10000000000000001
10110001010000011011000101000001 65537 43046722 4294967297 152587890626 2821109907457 33232930569602 281474976710657 1853020188851842 10000000000000001
11110001010000011111000101000001 65537 43046722 4294967297 152587890626 2821109907457 33232930569602 281474976710657 1853020188851842 10000000000000001
10001001010000011000100101000001 65537 43046722 4294967297 152587890626 2821109907457 33232930569602 281474976710657 1853020188851842 10000000000000001
11001001010000011100100101000001 65537 43046722 4294967297 152587890626 2821109907457 33232930569602 281474976710657 1853020188851842 10000000000000001
10101001010000011010100101000001 65537 43046722 4294967297 152587890626 2821109907457 33232930569602 281474976710657 1853020188851842 10000000000000001
11101001010000011110100101000001 65537 43046722 4294967297 152587890626 2821109907457 33232930569602 281474976710657 1853020188851842 10000000000000001
10011001010000011001100101000001 65537 43046722 4294967297 152587890626 2821109907457 33232930569602 281474976710657 1853020188851842 10000000000000001
11011001010000011101100101000001 65537 43046722 4294967297 152587890626 2821109907457 33232930569602 281474976710657 1853020188851842 10000000000000001
10111001010000011011100101000001 65537 43046722 4294967297 152587890626 2821109907457 33232930569602 281474976710657 1853020188851842 10000000000000001
11111001010000011111100101000001 65537 43046722 4294967297 152587890626 2821109907457 33232930569602 281474976710657 1853020188851842 10000000000000001
10000101010000011000010101000001 65537 43046722 4294967297 152587890626 2821109907457 33232930569602 281474976710657 1853020188851842 10000000000000001
11000101010000011100010101000001 65537 43046722 4294967297 152587890626 2821109907457 33232930569602 281474976710657 1853020188851842 10000000000000001
10100101010000011010010101000001 65537 43046722 4294967297 152587890626 2821109907457 33232930569602 281474976710657 1853020188851842 10000000000000001
11100101010000011110010101000001 65537 43046722 4294967297 152587890626 2821109907457 33232930569602 281474976710657 1853020188851842 10000000000000001
10010101010000011001010101000001 65537 43046722 4294967297 152587890626 2821109907457 33232930569602 281474976710657 1853020188851842 10000000000000001
11010101010000011101010101000001 65537 43046722 4294967297 152587890626 2821109907457 33232930569602 281474976710657 1853020188851842 10000000000000001
10110101010000011011010101000001 65537 43046722 4294967297 152587890626 2821109907457 33232930569602 281474976710657 1853020188851842 10000000000000001
11110101010000011111010101000001 65537 43046722 4294967297 152587890626 2821109907457 33232930569602 281474976710657 1853020188851842 10000000000000001
10001101010000011000110101000001 65537 43046722 4294967297 152587890626 2821109907457 33232930569602 281474976710657 1853020188851842 10000000000000001
11001101010000011100110101000001 65537 43046722 4294967297 152587890626 2821109907457 33232930569602 281474976710657 1853020188851842 10000000000000001
10101101010000011010110101000001 65537 43046722 4294967297 152587890626 2821109907457 33232930569602 281474976710657 1853020188851842 10000000000000001
11101101010000011110110101000001 65537 43046722 4294967297 152587890626 2821109907457 33232930569602 281474976710657 1853020188851842 10000000000000001
10011101010000011001110101000001 65537 43046722 4294967297 152587890626 2821109907457 33232930569602 281474976710657 1853020188851842 10000000000000001
11011101010000011101110101000001 65537 43046722 4294967297 152587890626 2821109907457 33232930569602 281474976710657 1853020188851842 10000000000000001
10111101010000011011110101000001 65537 43046722 4294967297 152587890626 2821109907457 33232930569602 281474976710657 1853020188851842 10000000000000001
11111101010000011111110101000001 65537 43046722 4294967297 152587890626 2821109907457 33232930569602 281474976710657 1853020188851842 10000000000000001
10000011010000011000001101000001 65537 43046722 4294967297 152587890626 2821109907457 33232930569602 281474976710657 1853020188851842 10000000000000001
11000011010000011100001101000001 65537 43046722 4294967297 152587890626 2821109907457 33232930569602 281474976710657 1853020188851842 10000000000000001
10100011010000011010001101000001 65537 43046722 4294967297 152587890626 2821109907457 33232930569602 281474976710657 1853020188851842 10000000000000001
11100011010000011110001101000001 65537 43046722 4294967297 152587890626 2821109907457 33232930569602 281474976710657 1853020188851842 10000000000000001
10010011010000011001001101000001 65537 43046722 4294967297 152587890626 2821109907457 33232930569602 281474976710657 1853020188851842 10000000000000001
11010011010000011101001101000001 65537 43046722 4294967297 152587890626 2821109907457 33232930569602 281474976710657 1853020188851842 10000000000000001
10110011010000011011001101000001 65537 43046722 4294967297 152587890626 2821109907457 33232930569602 281474976710657 1853020188851842 10000000000000001
11110011010000011111001101000001 65537 43046722 4294967297 152587890626 2821109907457 33232930569602 281474976710657 1853020188851842 10000000000000001
10001011010000011000101101000001 65537 43046722 4294967297 152587890626 2821109907457 33232930569602 281474976710657 1853020188851842 10000000000000001
11001011010000011100101101000001 65537 43046722 4294967297 152587890626 2821109907457 33232930569602 281474976710657 1853020188851842 10000000000000001
10101011010000011010101101000001 65537 43046722 4294967297 152587890626 2821109907457 33232930569602 281474976710657 1853020188851842 10000000000000001
11101011010000011110101101000001 65537 43046722 4294967297 152587890626 2821109907457 33232930569602 281474976710657 1853020188851842 10000000000000001
10011011010000011001101101000001 65537 43046722 4294967297 152587890626 2821109907457 33232930569602 281474976710657 1853020188851842 10000000000000001
11011011010000011101101101000001 65537 43046722 4294967297 152587890626 2821109907457 33232930569602 281474976710657 1853020188851842 10000000000000001
10111011010000011011101101000001 65537 43046722 4294967297 152587890626 2821109907457 33232930569602 281474976710657 1853020188851842 10000000000000001
11111011010000011111101101000001 65537 43046722 4294967297 152587890626 2821109907457 33232930569602 281474976710657 1853020188851842 10000000000000001
10000111010000011000011101000001 65537 43046722 4294967297 152587890626 2821109907457 33232930569602 281474976710657 1853020188851842 10000000000000001
11000111010000011100011101000001 65537 43046722 4294967297 152587890626 2821109907457 33232930569602 281474976710657 1853020188851842 10000000000000001
10100111010000011010011101000001 65537 43046722 4294967297 152587890626 2821109907457 33232930569602 281474976710657 1853020188851842 10000000000000001
11100111010000011110011101000001 65537 43046722 4294967297 152587890626 2821109907457 33232930569602 281474976710657 1853020188851842 10000000000000001
10010111010000011001011101000001 65537 43046722 4294967297 152587890626 2821109907457 33232930569602 281474976710657 1853020188851842 10000000000000001
11010111010000011101011101000001 65537 43046722 4294967297 152587890626 2821109907457 33232930569602 281474976710657 1853020188851842 10000000000000001
10110111010000011011011101000001 65537 43046722 4294967297 152587890626 2821109907457 33232930569602 281474976710657 1853020188851842 10000000000000001
11110111010000011111011101000001 65537 43046722 4294967297 152587890626 2821109907457 33232930569602 281474976710657 1853020188851842 10000000000000001
10001111010000011000111101000001 65537 43046722 4294967297 152587890626 2821109907457 33232930569602 281474976710657 1853020188851842 10000000000000001
11001111010000011100111101000001 65537 43046722 4294967297 152587890626 2821109907457 33232930569602 281474976710657 1853020188851842 10000000000000001
10101111010000011010111101000001 65537 43046722 4294967297 152587890626 2821109907457 33232930569602 281474976710657 1853020188851842 10000000000000001
11101111010000011110111101000001 65537 43046722 4294967297 152587890626 2821109907457 33232930569602 281474976710657 1853020188851842 10000000000000001
10011111010000011001111101000001 65537 43046722 4294967297 152587890626 2821109907457 33232930569602 281474976710657 1853020188851842 10000000000000001
11011111010000011101111101000001 65537 43046722 4294967297 152587890626 2821109907457 33232930569602 281474976710657 1853020188851842 10000000000000001
10111111010000011011111101000001 65537 43046722 4294967297 152587890626 2821109907457 33232930569602 281474976710657 1853020188851842 10000000000000001
11111111010000011111111101000001 65537 43046722 4294967297 152587890626 2821109907457 33232930569602 281474976710657 1853020188851842 10000000000000001
10000000110000011000000011000001 65537 43046722 4294967297 152587890626 2821109907457 33232930569602 281474976710657 1853020188851842 10000000000000001
11000000110000011100000011000001 65537 43046722 4294967297 152587890626 2821109907457 33232930569602 281474976710657 1853020188851842 10000000000000001
10100000110000011010000011000001 65537 43046722 4294967297 152587890626 2821109907457 33232930569602 281474976710657 1853020188851842 10000000000000001
11100000110000011110000011000001 65537 43046722 4294967297 152587890626 2821109907457 33232930569602 281474976710657 1853020188851842 10000000000000001
10010000110000011001000011000001 65537 43046722 4294967297 152587890626 2821109907457 33232930569602 281474976710657 1853020188851842 10000000000000001
11010000110000011101000011000001 65537 43046722 4294967297 152587890626 2821109907457 33232930569602 281474976710657 1853020188851842 10000000000000001
10110000110000011011000011000001 65537 43046722 4294967297 152587890626 2821109907457 33232930569602 281474976710657 1853020188851842 10000000000000001
11110000110000011111000011000001 65537 43046722 4294967297 152587890626 2821109907457 33232930569602 281474976710657 1853020188851842 10000000000000001
10001000110000011000100011000001 65537 43046722 4294967297 152587890626 2821109907457 33232930569602 281474976710657 1853020188851842 10000000000000001
11001000110000011100100011000001 65537 43046722 4294967297 152587890626 2821109907457 33232930569602 281474976710657 1853020188851842 10000000000000001
10101000110000011010100011000001 65537 43046722 4294967297 152587890626 2821109907457 33232930569602 281474976710657 1853020188851842 10000000000000001
11101000110000011110100011000001 65537 43046722 4294967297 152587890626 2821109907457 33232930569602 281474976710657 1853020188851842 10000000000000001
10011000110000011001100011000001 65537 43046722 4294967297 152587890626 2821109907457 33232930569602 281474976710657 1853020188851842 10000000000000001
11011000110000011101100011000001 65537 43046722 4294967297 152587890626 2821109907457 33232930569602 281474976710657 1853020188851842 10000000000000001
10111000110000011011100011000001 65537 43046722 4294967297 152587890626 2821109907457 33232930569602 281474976710657 1853020188851842 10000000000000001
11111000110000011111100011000001 65537 43046722 4294967297 152587890626 2821109907457 33232930569602 281474976710657 1853020188851842 10000000000000001
10000100110000011000010011000001 65537 43046722 4294967297 152587890626 2821109907457 33232930569602 281474976710657 1853020188851842 10000000000000001
11000100110000011100010011000001 65537 43046722 4294967297 152587890626 2821109907457 33232930569602 281474976710657 1853020188851842 10000000000000001
10100100110000011010010011000001 65537 43046722 4294967297 152587890626 2821109907457 33232930569602 281474976710657 1853020188851842 10000000000000001
11100100110000011110010011000001 65537 43046722 4294967297 152587890626 2821109907457 33232930569602 281474976710657 1853020188851842 10000000000000001
10010100110000011001010011000001 65537 43046722 4294967297 152587890626 2821109907457 33232930569602 281474976710657 1853020188851842 10000000000000001
11010100110000011101010011000001 65537 43046722 4294967297 152587890626 2821109907457 33232930569602 281474976710657 1853020188851842 10000000000000001
10110100110000011011010011000001 65537 43046722 4294967297 152587890626 2821109907457 33232930569602 281474976710657 1853020188851842 10000000000000001
11110100110000011111010011000001 65537 43046722 4294967297 152587890626 2821109907457 33232930569602 281474976710657 1853020188851842 10000000000000001
10001100110000011000110011000001 65537 43046722 4294967297 152587890626 2821109907457 33232930569602 281474976710657 1853020188851842 10000000000000001
11001100110000011100110011000001 65537 43046722 4294967297 152587890626 2821109907457 33232930569602 281474976710657 1853020188851842 10000000000000001
10101100110000011010110011000001 65537 43046722 4294967297 152587890626 2821109907457 33232930569602 281474976710657 1853020188851842 10000000000000001
11101100110000011110110011000001 65537 43046722 4294967297 152587890626 2821109907457 33232930569602 281474976710657 1853020188851842 10000000000000001
10011100110000011001110011000001 65537 43046722 4294967297 152587890626 2821109907457 33232930569602 281474976710657 1853020188851842 10000000000000001
11011100110000011101110011000001 65537 43046722 4294967297 152587890626 2821109907457 33232930569602 281474976710657 1853020188851842 10000000000000001
10111100110000011011110011000001 65537 43046722 4294967297 152587890626 2821109907457 33232930569602 281474976710657 1853020188851842 10000000000000001
11111100110000011111110011000001 65537 43046722 4294967297 152587890626 2821109907457 33232930569602 281474976710657 1853020188851842 10000000000000001
10000010110000011000001011000001 65537 43046722 4294967297 152587890626 2821109907457 33232930569602 281474976710657 1853020188851842 10000000000000001
11000010110000011100001011000001 65537 43046722 4294967297 152587890626 2821109907457 33232930569602 281474976710657 1853020188851842 10000000000000001
10100010110000011010001011000001 65537 43046722 4294967297 152587890626 2821109907457 33232930569602 281474976710657 1853020188851842 10000000000000001
11100010110000011110001011000001 65537 43046722 4294967297 152587890626 2821109907457 33232930569602 281474976710657 1853020188851842 10000000000000001
10010010110000011001001011000001 65537 43046722 4294967297 152587890626 2821109907457 33232930569602 281474976710657 1853020188851842 10000000000000001
11010010110000011101001011000001 65537 43046722 4294967297 152587890626 2821109907457 33232930569602 281474976710657 1853020188851842 10000000000000001
10110010110000011011001011000001 65537 43046722 4294967297 152587890626 2821109907457 33232930569602 281474976710657 1853020188851842 10000000000000001
11110010110000011111001011000001 65537 43046722 4294967297 152587890626 2821109907457 33232930569602 281474976710657 1853020188851842 10000000000000001
10001010110000011000101011000001 65537 43046722 4294967297 152587890626 2821109907457 33232930569602 281474976710657 1853020188851842 10000000000000001
11001010110000011100101011000001 65537 43046722 4294967297 152587890626 2821109907457 33232930569602 281474976710657 1853020188851842 10000000000000001
10101010110000011010101011000001 65537 43046722 4294967297 152587890626 2821109907457 33232930569602 281474976710657 1853020188851842 10000000000000001
11101010110000011110101011000001 65537 43046722 4294967297 152587890626 2821109907457 33232930569602 281474976710657 1853020188851842 10000000000000001
10011010110000011001101011000001 65537 43046722 4294967297 152587890626 2821109907457 33232930569602 281474976710657 1853020188851842 10000000000000001
11011010110000011101101011000001 65537 43046722 4294967297 152587890626 2821109907457 33232930569602 281474976710657 1853020188851842 10000000000000001
10111010110000011011101011000001 65537 43046722 4294967297 152587890626 2821109907457 33232930569602 281474976710657 1853020188851842 10000000000000001
11111010110000011111101011000001 65537 43046722 4294967297 152587890626 2821109907457 33232930569602 281474976710657 1853020188851842 10000000000000001
10000110110000011000011011000001 65537 43046722 4294967297 152587890626 2821109907457 33232930569602 281474976710657 1853020188851842 10000000000000001
11000110110000011100011011000001 65537 43046722 4294967297 152587890626 2821109907457 33232930569602 281474976710657 1853020188851842 10000000000000001
10100110110000011010011011000001 65537 43046722 4294967297 152587890626 2821109907457 33232930569602 281474976710657 1853020188851842 10000000000000001
11100110110000011110011011000001 65537 43046722 4294967297 152587890626 2821109907457 33232930569602 281474976710657 1853020188851842 10000000000000001
10010110110000011001011011000001 65537 43046722 4294967297 152587890626 2821109907457 33232930569602 281474976710657 1853020188851842 10000000000000001
11010110110000011101011011000001 65537 43046722 4294967297 152587890626 2821109907457 33232930569602 281474976710657 1853020188851842 10000000000000001
10110110110000011011011011000001 65537 43046722 4294967297 152587890626 2821109907457 33232930569602 281474976710657 1853020188851842 10000000000000001
11110110110000011111011011000001 65537 43046722 4294967297 152587890626 2821109907457 33232930569602 281474976710657 1853020188851842 10000000000000001
10001110110000011000111011000001 65537 43046722 4294967297 152587890626 2821109907457 33232930569602 281474976710657 1853020188851842 10000000000000001
11001110110000011100111011000001 65537 43046722 4294967297 152587890626 2821109907457 33232930569602 281474976710657 1853020188851842 10000000000000001
10101110110000011010111011000001 65537 43046722 4294967297 152587890626 2821109907457 33232930569602 281474976710657 1853020188851842 10000000000000001
11101110110000011110111011000001 65537 43046722 4294967297 152587890626 2821109907457 33232930569602 281474976710657 1853020188851842 10000000000000001
10011110110000011001111011000001 65537 43046722 4294967297 152587890626 2821109907457 33232930569602 281474976710657 1853020188851842 10000000000000001
11011110110000011101111011000001 65537 43046722 4294967297 152587890626 2821109907457 33232930569602 281474976710657 1853020188851842 10000000000000001
10111110110000011011111011000001 65537 43046722 4294967297 152587890626 2821109907457 33232930569602 281474976710657 1853020188851842 10000000000000001
11111110110000011111111011000001 65537 43046722 4294967297 152587890626 2821109907457 33232930569602 281474976710657 1853020188851842 10000000000000001
10000001110000011000000111000001 65537 43046722 4294967297 152587890626 2821109907457 33232930569602 281474976710657 1853020188851842 10000000000000001
11000001110000011100000111000001 65537 43046722 4294967297 152587890626 2821109907457 33232930569602 281474976710657 1853020188851842 10000000000000001
10100001110000011010000111000001 65537 43046722 4294967297 152587890626 2821109907457 33232930569602 281474976710657 1853020188851842 10000000000000001
11100001110000011110000111000001 65537 43046722 4294967297 152587890626 2821109907457 33232930569602 281474976710657 1853020188851842 10000000000000001
10010001110000011001000111000001 65537 43046722 4294967297 152587890626 2821109907457 33232930569602 281474976710657 1853020188851842 10000000000000001
11010001110000011101000111000001 65537 43046722 4294967297 152587890626 2821109907457 33232930569602 281474976710657 1853020188851842 10000000000000001
10110001110000011011000111000001 65537 43046722 4294967297 152587890626 2821109907457 33232930569602 281474976710657 1853020188851842 10000000000000001
11110001110000011111000111000001 65537 43046722 4294967297 152587890626 2821109907457 33232930569602 281474976710657 1853020188851842 10000000000000001
10001001110000011000100111000001 65537 43046722 4294967297 152587890626 2821109907457 33232930569602 281474976710657 1853020188851842 10000000000000001
11001001110000011100100111000001 65537 43046722 4294967297 152587890626 2821109907457 33232930569602 281474976710657 1853020188851842 10000000000000001
10101001110000011010100111000001 65537 43046722 4294967297 152587890626 2821109907457 33232930569602 281474976710657 1853020188851842 10000000000000001
11101001110000011110100111000001 65537 43046722 4294967297 152587890626 2821109907457 33232930569602 281474976710657 1853020188851842 10000000000000001
10011001110000011001100111000001 65537 43046722 4294967297 152587890626 2821109907457 33232930569602 281474976710657 1853020188851842 10000000000000001
11011001110000011101100111000001 65537 43046722 4294967297 152587890626 2821109907457 33232930569602 281474976710657 1853020188851842 10000000000000001
10111001110000011011100111000001 65537 43046722 4294967297 152587890626 2821109907457 33232930569602 281474976710657 1853020188851842 10000000000000001
11111001110000011111100111000001 65537 43046722 4294967297 152587890626 2821109907457 33232930569602 281474976710657 1853020188851842 10000000000000001
10000101110000011000010111000001 65537 43046722 4294967297 152587890626 2821109907457 33232930569602 281474976710657 1853020188851842 10000000000000001
11000101110000011100010111000001 65537 43046722 4294967297 152587890626 2821109907457 33232930569602 281474976710657 1853020188851842 10000000000000001
10100101110000011010010111000001 65537 43046722 4294967297 152587890626 2821109907457 33232930569602 281474976710657 1853020188851842 10000000000000001
11100101110000011110010111000001 65537 43046722 4294967297 152587890626 2821109907457 33232930569602 281474976710657 1853020188851842 10000000000000001
10010101110000011001010111000001 65537 43046722 4294967297 152587890626 2821109907457 33232930569602 281474976710657 1853020188851842 10000000000000001
11010101110000011101010111000001 65537 43046722 4294967297 152587890626 2821109907457 33232930569602 281474976710657 1853020188851842 10000000000000001
10110101110000011011010111000001 65537 43046722 4294967297 152587890626 2821109907457 33232930569602 281474976710657 1853020188851842 10000000000000001
11110101110000011111010111000001 65537 43046722 4294967297 152587890626 2821109907457 33232930569602 281474976710657 1853020188851842 10000000000000001
10001101110000011000110111000001 65537 43046722 4294967297 152587890626 2821109907457 33232930569602 281474976710657 1853020188851842 10000000000000001
11001101110000011100110111000001 65537 43046722 4294967297 152587890626 2821109907457 33232930569602 281474976710657 1853020188851842 10000000000000001
10101101110000011010110111000001 65537 43046722 4294967297 152587890626 2821109907457 33232930569602 281474976710657 1853020188851842 10000000000000001
11101101110000011110110111000001 65537 43046722 4294967297 152587890626 2821109907457 33232930569602 281474976710657 1853020188851842 10000000000000001
10011101110000011001110111000001 65537 43046722 4294967297 152587890626 2821109907457 33232930569602 281474976710657 1853020188851842 10000000000000001
11011101110000011101110111000001 65537 43046722 4294967297 152587890626 2821109907457 33232930569602 281474976710657 1853020188851842 10000000000000001
10111101110000011011110111000001 65537 43046722 4294967297 152587890626 2821109907457 33232930569602 281474976710657 1853020188851842 10000000000000001
11111101110000011111110111000001 65537 43046722 4294967297 152587890626 2821109907457 33232930569602 281474976710657 1853020188851842 10000000000000001
10000011110000011000001111000001 65537 43046722 4294967297 152587890626 2821109907457 33232930569602 281474976710657 1853020188851842 10000000000000001
11000011110000011100001111000001 65537 43046722 4294967297 152587890626 2821109907457 33232930569602 281474976710657 1853020188851842 10000000000000001
10100011110000011010001111000001 65537 43046722 4294967297 152587890626 2821109907457 33232930569602 281474976710657 1853020188851842 10000000000000001
11100011110000011110001111000001 65537 43046722 4294967297 152587890626 2821109907457 33232930569602 281474976710657 1853020188851842 10000000000000001
10010011110000011001001111000001 65537 43046722 4294967297 152587890626 2821109907457 33232930569602 281474976710657 1853020188851842 10000000000000001
11010011110000011101001111000001 65537 43046722 4294967297 152587890626 2821109907457 33232930569602 281474976710657 1853020188851842 10000000000000001
10110011110000011011001111000001 65537 43046722 4294967297 152587890626 2821109907457 33232930569602 281474976710657 1853020188851842 10000000000000001
11110011110000011111001111000001 65537 43046722 4294967297 152587890626 2821109907457 33232930569602 281474976710657 1853020188851842 10000000000000001
10001011110000011000101111000001 65537 43046722 4294967297 152587890626 2821109907457 33232930569602 281474976710657 1853020188851842 10000000000000001
11001011110000011100101111000001 65537 43046722 4294967297 152587890626 2821109907457 33232930569602 281474976710657 1853020188851842 10000000000000001
10101011110000011010101111000001 65537 43046722 4294967297 152587890626 2821109907457 33232930569602 281474976710657 1853020188851842 10000000000000001
11101011110000011110101111000001 65537 43046722 4294967297 152587890626 2821109907457 33232930569602 281474976710657 1853020188851842 10000000000000001
10011011110000011001101111000001 65537 43046722 4294967297 152587890626 2821109907457 33232930569602 281474976710657 1853020188851842 10000000000000001
11011011110000011101101111000001 65537 43046722 4294967297 152587890626 2821109907457 33232930569602 281474976710657 1853020188851842 10000000000000001
10111011110000011011101111000001 65537 43046722 4294967297 152587890626 2821109907457 33232930569602 281474976710657 1853020188851842 10000000000000001
11111011110000011111101111000001 65537 43046722 4294967297 152587890626 2821109907457 33232930569602 281474976710657 1853020188851842 10000000000000001
10000111110000011000011111000001 65537 43046722 4294967297 152587890626 2821109907457 33232930569602 281474976710657 1853020188851842 10000000000000001
11000111110000011100011111000001 65537 43046722 4294967297 152587890626 2821109907457 33232930569602 281474976710657 1853020188851842 10000000000000001
10100111110000011010011111000001 65537 43046722 4294967297 152587890626 2821109907457 33232930569602 281474976710657 1853020188851842 10000000000000001
11100111110000011110011111000001 65537 43046722 4294967297 152587890626 2821109907457 33232930569602 281474976710657 1853020188851842 10000000000000001
