100
2 3 2
1 1 1
2 1 2
3 2 3
8 16 8
2 2 2
98 3 98
18 6 18
11 13 11
45 2 45
62 2 62
2 59 2
86 5 86
1 2 1
100 3 100
3 4 3
2 18 2
1 5 1
1 19 1
13 9 13
15 12 15
12 10 12
1 61 1
84 4 84
1 43 1
38 3 38
15 15 15
11 8 11
72 9 72
100 4 100
6 14 6
100 9 100
4 8 4
65 5 65
42 1 42
10 5 10
1 100 1
46 9 46
46 8 46
45 5 45
1 37 1
30 4 30
100 1 100
40 8 40
66 9 66
3 37 3
1 80 1
2 4 2
3 27 3
7 9 7
95 9 95
15 1 15
6 22 6
61 4 61
1 32 1
95 8 95
99 1 99
11 4 11
4 4 4
82 3 82
100 2 100
1 4 1
47 6 47
62 9 62
28 6 28
11 15 11
7 11 7
14 7 14
4 3 4
57 2 57
8 2 8
3 13 3
42 11 42
10 18 10
8 18 8
80 8 80
85 2 85
84 9 84
17 11 17
39 10 39
3 3 3
4 29 4
53 2 53
94 6 94
42 5 42
64 4 64
83 2 83
4 2 4
51 7 51
1 3 1
4 1 4
1 59 1
42 6 42
19 12 19
90 1 90
13 10 13
22 11 22
62 3 62
3 1 3
1 14 1
