Case #1: 2
Case #2: 1
Case #3: IMPOSSIBLE
Case #4: 1 2
Case #5: 4 9
Case #6: IMPOSSIBLE
Case #7: IMPOSSIBLE
Case #8: 2
Case #9: IMPOSSIBLE
Case #10: 3
Case #11: 2
Case #12: 1
Case #13: 4
Case #14: IMPOSSIBLE
Case #15: IMPOSSIBLE
Case #16: 1 2 3 4
Case #17: IMPOSSIBLE
Case #18: 3091088206431 4049565169664
Case #19: 4822160664821 10211634349031
Case #20: 1
Case #21: 244977787997596 518187216991196 791396645984796 819628286980801
Case #22: 777725580892 1687237596731 2596749612570 3506261628409 4415773644248 5325285660087 6234797675926 7144309691765 8053821707604 8963333723443 9095120158391
Case #23: IMPOSSIBLE
Case #24: IMPOSSIBLE
Case #25: IMPOSSIBLE
Case #26: 1 2 3 4 5 6 7 8 9 10 11 12 13 14 15 16 17 18 19 20 21 22 23 24 25 26 27 28 29 30 31 32 33 34 35 36 37 38 39 40 41 42 43 44 45 46 47 48 49 50 51 52 53 54 55 56 57 58 59 60 61 62 63 64 65 66 67 68 69 70 71 72 73 74 75 76 77 78 79 80 81 82 83 84 85 86 87 88 89 90 91 92 93 94 95 96 97 98 99 100
Case #27: 254 653 1052 1331
Case #28: 4
Case #29: IMPOSSIBLE
Case #30: 18719508499 41238521197 63757533895 86276546593 108795559291 131314571989 153833584687 176352597385 198871610083 221390622781 243909635479 266428648177 288947660875 304006671424
Case #31: 3
Case #32: 1
Case #33: 1
Case #34: 35086069732 77281081696 119476093660 161671105624 203866117588 246061129552 288256141516 330451153480 372646165444 414841177408 457036189372 499231201336 541426213300 583621225264 625816237228 646990183449
Case #35: IMPOSSIBLE
Case #36: 312629405411517 670501115020797 1028372824630077 1386244534239357 1744116243848637 2101987953457917 2459859663067197 2817731372676477 3175603082285757 3533474791895037 3891346501504317 3936588805702081
Case #37: 276921825385415 582993316600872
Case #38: 148390053388881 318285911616729 488181769844577 658077628072425 827973486300273 997869344528121 1167765202755969 1337661060983817 1507556919211665 1677452777439513
Case #39: 1
Case #40: 1 2 3 4 5 6 7 8 9 10 11 12 13 14 15 16 17 18 19 20 21 22 23 24 25 26 27 28 29 30 31 32 33 34 35 36 37 38 39 40 41
Case #41: 1
Case #42: 1
Case #43: 2
Case #44: 37 64
Case #45: 101 303 505 707 909 1111 1313 1515 1717 1919 2121 2323 2525 2727 2929 3131 3333 3535 3737 3939 4141 4343 4545 4747 4949 5151 5353 5555 5757 5959 6161 6363 6565 6767 6969 7171 7373 7575 7777 7979 8181 8383 8585 8787 8989 9191 9393 9595 9797 9999
Case #46: 137238302284239456 288578786006207777 439919269728176098 550329031716248441
Case #47: 5
Case #48: 49531541029249721 104677993592179571 159824446155109421 214970898718039271 270117351280969121 303305489096114176
Case #49: IMPOSSIBLE
Case #50: 5 15
Case #51: 10
Case #52: IMPOSSIBLE
Case #53: IMPOSSIBLE
Case #54: 3
Case #55: 48028639 104789756
Case #56: 5887 14800 23713 32626 41539 50452 59365 68278 77191 86104 95017 103930 112843 121756 130669 139582 148495 157408
Case #57: 2
Case #58: 1 2 3
Case #59: IMPOSSIBLE
Case #60: IMPOSSIBLE
Case #61: 13
Case #62: 195241 457805 720369 982933 1245497 1508061 1770625 2033189 2295753 2558317
Case #63: 50403020101 111009080707 171615141313 232221201919 292827262525 353433323131 414039383737 474645444343 535251504949 595857565555 656463626161 717069686767 777675747373 838281807979 898887868585 959493929191 1000000000000
Case #64: IMPOSSIBLE
Case #65: 1
Case #66: 3
Case #67: 80706050403020101 171615141312111010 262524232221201919 353433323130292828 444342414039383737 535251504948474646 626160595857565555 717069686766656464 807978777675747373 898887868584838282 989796959493929191 1000000000000000000
Case #68: IMPOSSIBLE
Case #69: 2793530041 6158000527 9522471013 12886941499 16251411985 19615882471 22980352957 26344823443 29709293929 30840979456
Case #70: 43211 98766
Case #71: 4
Case #72: 9
Case #73: 229
Case #74: 1
Case #75: 121187 275892 371293
Case #76: 2
Case #77: 2451145488007 5316433435676 8181721383345 11047009331014 13912297278683 16777585226352 19642873174021 22508161121690 25373449069359 28238737017028 31104024964697 33969312912366 34792782221696
Case #78: IMPOSSIBLE
Case #79: 352 901 1450 1999 2197
Case #80: 11497432 19487171
Case #81: 1
Case #82: 2
Case #83: 13369885957 29042718776 44715551595 60388384414 76061217233 78364164096
Case #84: IMPOSSIBLE
Case #85: IMPOSSIBLE
Case #86: 27464011 61966536 96469061 130971586 165474111 199976636 234479161 268981686 303484211 337986736 345025251
Case #87: IMPOSSIBLE
Case #88: IMPOSSIBLE
Case #89: 1 2 3 4 5 6 7 8 9
Case #90: 35 105 175 245 315 385 455 525 595 665 735 805 875 945 1015 1085 1155
Case #91: IMPOSSIBLE
Case #92: 3
Case #93: 3020101 7060505 11100909 15141313 19181717 23222121 27262525 31302929 35343333 39383737 43424141 47464545 51504949 55545353 59585757 63626161 67666565 71706969 75747373 79787777 83828181 87868585 91908989 95949393 99989797
Case #94: 4 9
Case #95: 20101 50404 80707 111010 141313 171616 201919 232222 262525 292828 323131 353434 383737 414040 444343 474646 504949 535252 565555 595858 626161 656464 686767 717070 747373 777676 807979 838282 868585 898888 929191 959494 989797 1000000
Case #96: 8257 20740 33223 45706 58189 70672 83155 95638 108121 120604 133087 145570 158053 170536 183019 195502 207985 220468 232951 245434 257917 262144
Case #97: IMPOSSIBLE
Case #98: 1
Case #99: IMPOSSIBLE
Case #100: 22
